0.0 0.0
1e-10 13812235.195993371
2e-10 19989461.82251807
3e-10 33930930.03211245
4e-10 39238495.43285492
4.999999999999999e-10 24086489.35887437
6e-10 35361823.37797766
6.999999999999999e-10 52566901.180183075
8e-10 93880710.20674261
9e-10 130790189.07163425
9.999999999999999e-10 438680420.83761555
1.1e-09 808034361.1974483
1.2e-09 655596035.2764397
1.2999999999999999e-09 782961785.191424
1.3999999999999997e-09 919915536.1927068
1.4999999999999998e-09 761712446.8879765
1.6e-09 617101874.0040666
1.7e-09 590316190.7041944
1.8e-09 786569828.4069064
1.9e-09 775984830.9557906
1.9999999999999997e-09 677704682.2060199
2.1e-09 746443127.6771053
2.2e-09 764245497.2161502
2.3e-09 769407777.2577678
2.4e-09 771711062.3199201
2.4999999999999996e-09 781907301.5937814
2.5999999999999997e-09 804120331.6244984
2.6999999999999998e-09 803585681.9926932
2.7999999999999994e-09 799424377.7303054
2.8999999999999995e-09 804515150.7560124
2.9999999999999996e-09 798044684.1424935
3.0999999999999996e-09 807682887.0721542
3.2e-09 802934955.9035534
3.3e-09 804791628.2250646
3.4e-09 787676534.1659975
3.5e-09 787771183.0072628
3.6e-09 771237083.4524707
3.7e-09 768486695.8755957
3.8e-09 762182630.0062937
3.9e-09 768986449.1040883
3.9999999999999994e-09 760735102.7081828
4.0999999999999995e-09 768229993.0350873
4.2e-09 766095312.7005191
4.299999999999999e-09 756019006.8548849
4.4e-09 758404329.0757018
4.5e-09 746788418.4046196
4.6e-09 742728864.7076802
4.7e-09 740546859.9524792
4.8e-09 729524004.4724307
4.9e-09 730568753.8102019
4.999999999999999e-09 729315972.9312794
5.1e-09 715137074.4912869
5.1999999999999994e-09 715947895.4833434
5.3e-09 719094816.4010178
5.3999999999999996e-09 702670854.7928208
5.5e-09 704039467.242037
5.599999999999999e-09 710250782.1446398
5.7e-09 700932707.7990522
5.799999999999999e-09 688083790.8775913
5.9e-09 688125789.0050868
5.999999999999999e-09 686779583.7201029
6.1e-09 675956188.7347779
6.199999999999999e-09 670254606.2075801
6.3e-09 666472509.527856
6.4e-09 660702725.9597979
6.4999999999999995e-09 660638687.9986312
6.6e-09 649832741.2149626
6.699999999999999e-09 644533324.4305025
6.8e-09 646068031.5151347
6.899999999999999e-09 641036521.153299
7e-09 633287499.2998143
7.099999999999999e-09 630247226.688404
7.2e-09 634369655.1330663
7.299999999999999e-09 631923233.5955722
7.4e-09 640946463.9440483
7.5e-09 623120217.9185265
7.6e-09 626348380.1119833
7.7e-09 628348127.6870761
7.8e-09 634098014.1830698
7.9e-09 635989521.6861334
7.999999999999999e-09 621707097.2496467
8.1e-09 621467169.1714325
8.199999999999999e-09 627830742.5916466
8.3e-09 635154518.0987989
8.4e-09 621615142.1658299
8.499999999999998e-09 616157099.8006979
8.599999999999998e-09 620574188.577191
8.7e-09 622864066.07386
8.8e-09 626179285.6103176
8.899999999999999e-09 620250692.7963072
9e-09 620371544.5509372
9.1e-09 616816213.2709848
9.2e-09 615885581.2942218
9.299999999999999e-09 615016722.0734982
9.4e-09 619828078.9856635
9.5e-09 616515553.2066545
9.6e-09 608962991.981644
9.699999999999998e-09 608695514.1113409
9.8e-09 609452398.7326633
9.9e-09 611448656.6674248
9.999999999999999e-09 610165632.2389647
1.0099999999999998e-08 608911382.0377975
1.02e-08 600380741.9718708
1.03e-08 618163459.3258922
1.0399999999999999e-08 606113976.1490908
1.0499999999999998e-08 603904115.493
1.06e-08 600490879.9184661
1.07e-08 601864573.7737788
1.0799999999999999e-08 607744617.7319525
1.09e-08 599920231.8916647
1.1e-08 615246120.0089585
1.11e-08 600146997.2914366
1.1199999999999998e-08 599603470.5044026
1.13e-08 598000072.6048288
1.14e-08 596883081.5900245
1.1499999999999999e-08 600324601.6177696
1.1599999999999998e-08 602030484.7439141
1.17e-08 598554251.978137
1.18e-08 600283338.1513965
1.1899999999999999e-08 593204878.2373557
1.1999999999999998e-08 591245414.5804728
1.21e-08 591697476.0577716
1.22e-08 591864489.0195905
1.2299999999999998e-08 595839434.2439369
1.2399999999999999e-08 593171879.7086092
1.25e-08 588624388.5828954
1.26e-08 596176521.2555846
1.2699999999999998e-08 586955789.5087111
1.28e-08 582505212.42939
1.29e-08 581465544.4977151
1.2999999999999999e-08 582998598.594822
1.3099999999999998e-08 586932219.131035
1.32e-08 591076871.074649
1.33e-08 582326261.2243325
1.3399999999999998e-08 582745262.9511245
1.3499999999999998e-08 579597668.5940878
1.36e-08 577222815.2942647
1.37e-08 575294635.9568428
1.3799999999999998e-08 575145805.8578026
1.3899999999999999e-08 574676357.4006077
1.4e-08 578827376.4072824
1.41e-08 583405600.8566153
1.4199999999999998e-08 572124511.9920535
1.4299999999999999e-08 573323968.7178439
1.44e-08 576504500.3818668
1.4499999999999999e-08 569029874.4575876
1.4599999999999998e-08 568755478.5283822
1.4699999999999998e-08 567204670.1208181
1.48e-08 565654535.1526161
1.4899999999999998e-08 571683531.6533505
1.5e-08 573124263.3360795
1.51e-08 571550251.8814005
1.52e-08 567915393.5349514
1.53e-08 565994928.1393145
1.54e-08 570608906.0966029
1.55e-08 565434932.6987875
1.56e-08 562679831.0463773
1.57e-08 561498679.626886
1.58e-08 560051091.1070149
1.59e-08 559213454.983992
1.5999999999999998e-08 564096747.4643894
1.61e-08 570521603.8665612
1.62e-08 567567898.8240702
1.6299999999999997e-08 564266270.5183765
1.6399999999999998e-08 570675515.3716978
1.65e-08 558941201.8163935
1.66e-08 555734773.3478069
1.67e-08 555693326.2161533
1.68e-08 555471091.226636
1.69e-08 557088019.1352136
1.6999999999999997e-08 559797939.128598
1.7099999999999998e-08 563033203.0462376
1.7199999999999995e-08 566099127.5751708
1.73e-08 564979810.1334789
1.74e-08 562201750.3209946
1.75e-08 559066094.2071965
1.76e-08 567329807.3986619
1.77e-08 553696884.6161112
1.7799999999999997e-08 549763631.4104593
1.7899999999999998e-08 550667938.0303373
1.8e-08 552651155.7301768
1.81e-08 556776461.5975683
1.82e-08 557004206.5455033
1.83e-08 563591851.6080402
1.84e-08 565012441.3316642
1.8499999999999997e-08 560021949.5491608
1.8599999999999998e-08 557366516.9223523
1.8699999999999995e-08 555951131.0483451
1.88e-08 570022830.1862317
1.89e-08 552882573.9837235
1.9e-08 551204730.4237494
1.91e-08 551540042.0043515
1.92e-08 552733437.7758822
1.9299999999999997e-08 554982174.2496985
1.9399999999999995e-08 555830218.071955
1.95e-08 559819183.0793866
1.96e-08 563768598.8297305
1.97e-08 567665853.6403862
1.98e-08 561294688.7219077
1.99e-08 558420633.1894338
1.9999999999999997e-08 557312029.5557765
2.0099999999999998e-08 568593118.4203384
2.0199999999999996e-08 552347128.4690357
2.03e-08 550757076.9131849
2.04e-08 551316031.5837886
2.05e-08 554749409.1174275
2.06e-08 556593653.4216185
2.07e-08 559765491.5956933
2.0799999999999998e-08 560833199.0935385
2.0899999999999995e-08 563743130.5774884
2.0999999999999996e-08 563315129.2519473
2.11e-08 563638441.3675506
2.12e-08 558752700.0167452
2.13e-08 556571062.5921055
2.14e-08 554673739.0218233
2.1499999999999997e-08 566587248.6692258
2.1599999999999998e-08 555161125.4547559
2.1699999999999996e-08 551121407.6081206
2.18e-08 549320998.084231
2.19e-08 550732220.8785447
2.2e-08 558237457.6829226
2.21e-08 559537134.4301565
2.22e-08 561496781.7523198
2.2299999999999998e-08 565081866.8077282
2.2399999999999995e-08 565978888.0381428
2.2499999999999996e-08 566938171.7986782
2.26e-08 562107774.9190915
2.27e-08 552717091.5659095
2.28e-08 551512308.5469819
2.29e-08 553767840.6361802
2.2999999999999998e-08 567204302.7902569
2.3099999999999995e-08 552338312.5355673
2.3199999999999996e-08 553586256.8954341
2.33e-08 554271879.3878865
2.34e-08 557778049.5944002
2.35e-08 559044605.3693672
2.36e-08 560052254.3204587
2.37e-08 560718469.5149283
2.3799999999999998e-08 563708234.1741759
2.3899999999999996e-08 564335267.4421191
2.3999999999999997e-08 564751636.6332227
2.41e-08 564158152.8898675
2.42e-08 557154383.5232677
2.43e-08 551514022.7562674
2.44e-08 550592329.1564933
2.4499999999999998e-08 551669464.8054091
2.4599999999999995e-08 559898710.1458832
2.4699999999999996e-08 556273279.9505047
2.4799999999999997e-08 556355255.8874091
2.49e-08 557128915.2710257
2.5e-08 558740822.9952669
2.51e-08 559433485.990142
2.52e-08 558233539.49027
2.5299999999999998e-08 556404355.7390876
2.5399999999999996e-08 556068370.7191235
2.5499999999999997e-08 559229617.5286841
2.56e-08 561567921.4376694
2.57e-08 561298484.47104
2.58e-08 562987347.9478496
2.59e-08 558495507.4021553
2.5999999999999998e-08 553994483.5924314
2.6099999999999995e-08 551045492.6254756
2.6199999999999996e-08 550206815.7325294
2.6299999999999997e-08 552395983.4336734
2.64e-08 554555213.6940808
2.65e-08 549593618.5823907
2.66e-08 552045243.9695016
2.67e-08 555429337.9861814
2.6799999999999995e-08 557753193.5597601
2.6899999999999996e-08 561310912.48836
2.6999999999999997e-08 558808166.9314842
2.71e-08 558017732.7855737
2.72e-08 557386107.8856155
2.73e-08 557745724.505016
2.74e-08 556414089.9989591
2.7499999999999998e-08 554973052.207429
2.7599999999999996e-08 554532806.5298485
2.7699999999999997e-08 553497913.8954691
2.7799999999999997e-08 551477350.9219091
2.79e-08 552047447.9528687
2.8e-08 552783333.5104433
2.81e-08 552977651.3773103
2.82e-08 567100409.4632016
2.8299999999999995e-08 553625316.3784401
2.8399999999999996e-08 551928065.5204835
2.8499999999999997e-08 551267299.0626713
2.8599999999999998e-08 551897577.0839051
2.87e-08 552746661.676085
2.88e-08 554473911.1965384
2.89e-08 554329427.8424722
2.8999999999999998e-08 557558998.1364133
2.9099999999999996e-08 556537329.4022367
2.9199999999999997e-08 559522869.7600304
2.9299999999999998e-08 559995195.6399546
2.9399999999999995e-08 559005913.2169223
2.95e-08 557150710.2176559
2.96e-08 555871971.3124098
2.97e-08 549984580.7430122
2.9799999999999996e-08 548255678.2350334
2.99e-08 549579109.0252239
3e-08 551559694.1893748
3.01e-08 553617296.3278543
3.02e-08 567574878.1047328
3.03e-08 555824953.000578
3.04e-08 555114168.3646843
3.0499999999999995e-08 554806345.3544111
3.06e-08 555605289.3249892
3.07e-08 555500232.7844901
3.08e-08 554238635.9720992
3.09e-08 552355699.5154634
3.1e-08 550576227.8335614
3.11e-08 552423104.6734409
3.12e-08 554762510.5741097
3.13e-08 557155363.0714309
3.14e-08 556442864.2262518
3.15e-08 553408897.4561418
3.16e-08 550838195.7454467
3.17e-08 549330242.5700208
3.18e-08 544958702.7831148
3.19e-08 540843376.0626354
3.1999999999999995e-08 536975262.8098336
3.21e-08 533915827.78748155
3.22e-08 530158709.585918
3.23e-08 529295054.2148112
3.24e-08 533502580.9061481
3.249999999999999e-08 528377217.5859295
3.2599999999999994e-08 526035424.03661305
3.2699999999999995e-08 522113680.52187836
3.2799999999999996e-08 519370945.66502804
3.29e-08 517388585.0698314
3.3e-08 513900414.06081575
3.31e-08 511543376.29321
3.32e-08 509749884.8282228
3.33e-08 509175685.9393299
3.34e-08 506819995.0504486
3.35e-08 504380124.24129564
3.36e-08 503387719.50849336
3.37e-08 500867280.86292034
3.38e-08 498751701.71753377
3.39e-08 496475048.12106746
3.3999999999999993e-08 493940589.6924093
3.4099999999999994e-08 489809835.0883602
3.4199999999999995e-08 486054614.76136285
3.4299999999999996e-08 482685275.18889064
3.439999999999999e-08 479369259.76955044
3.45e-08 476748417.43725353
3.46e-08 474087229.96498644
3.47e-08 472080258.2221903
3.48e-08 477876612.03417397
3.49e-08 472532442.14300936
3.5e-08 465766580.5365373
3.51e-08 462306387.8719319
3.52e-08 459075899.25158775
3.53e-08 454779478.56444407
3.54e-08 452863910.9096229
3.5499999999999994e-08 448660118.7456581
3.5599999999999995e-08 446899319.7006163
3.5699999999999995e-08 445457057.4738825
3.5799999999999996e-08 443984551.6976109
3.589999999999999e-08 442753014.769477
3.6e-08 440381222.5576637
3.61e-08 438410800.2057056
3.62e-08 436789831.660955
3.63e-08 435448830.22558784
3.64e-08 435233145.9644119
3.65e-08 433386758.898614
3.66e-08 431416703.87721694
3.67e-08 427793600.1087259
3.68e-08 421343887.671914
3.69e-08 417130544.9133584
3.6999999999999994e-08 413779694.31246585
3.7099999999999995e-08 410169018.56129485
3.7199999999999996e-08 407029995.2506859
3.7299999999999997e-08 403956234.3364475
3.739999999999999e-08 400840903.84703493
3.75e-08 397494155.10407555
3.76e-08 394075470.7928842
3.77e-08 401761373.0116051
3.78e-08 391177906.10449433
3.79e-08 382420990.41287744
3.8e-08 378305112.6965563
3.81e-08 376132903.42298704
3.82e-08 373573833.8467294
3.83e-08 372062329.8092121
3.84e-08 368361902.95759153
3.8499999999999994e-08 365549987.51171803
3.8599999999999995e-08 363801555.2622362
3.8699999999999996e-08 361818092.6753559
3.879999999999999e-08 359961787.684406
3.889999999999999e-08 357545548.4746893
3.9e-08 354920298.1756581
3.91e-08 351966348.2461263
3.92e-08 347950996.66004956
3.93e-08 344951926.2932521
3.94e-08 342029077.0179007
3.95e-08 338945887.95259184
3.96e-08 334926556.95210224
3.97e-08 331219946.70270175
3.98e-08 328204346.4606509
3.99e-08 323182937.6892479
3.9999999999999994e-08 318200894.5096518
4.0099999999999995e-08 313759133.3637991
4.0199999999999996e-08 309924018.6397439
4.029999999999999e-08 306645777.0464457
4.039999999999999e-08 303689500.6900264
4.05e-08 300899318.969023
4.06e-08 298198521.0179081
4.07e-08 295397625.48887014
4.08e-08 292816148.74838024
4.09e-08 290461927.1817436
4.1e-08 288835754.7873763
4.11e-08 294999255.4952647
4.12e-08 285825786.9472637
4.13e-08 280015168.46515393
4.14e-08 276820004.8004438
4.1499999999999994e-08 274160225.4286612
4.1599999999999995e-08 270826516.920624
4.1699999999999996e-08 268394237.60973552
4.179999999999999e-08 264800887.61670044
4.189999999999999e-08 260241641.9130287
4.199999999999999e-08 257675776.7213891
4.21e-08 255645601.93147817
4.22e-08 254815373.64143917
4.23e-08 254295478.45384157
4.24e-08 253260830.70650297
4.25e-08 252800198.18277657
4.26e-08 250775778.23832417
4.27e-08 247953822.4237783
4.28e-08 245816142.2229604
4.29e-08 244474038.79590973
4.2999999999999995e-08 243165668.5587279
4.3099999999999996e-08 241475213.3161531
4.3199999999999996e-08 239012261.90340564
4.329999999999999e-08 236392215.45399126
4.339999999999999e-08 234082073.55469686
4.349999999999999e-08 231707771.25071546
4.36e-08 229963685.74620765
4.37e-08 227656543.71316296
4.38e-08 224962725.04271054
4.39e-08 222645175.31043229
4.4e-08 220897967.49615437
4.41e-08 219600494.73228768
4.42e-08 218422465.6225664
4.43e-08 216747254.59828085
4.44e-08 214864134.47636437
4.4499999999999995e-08 212392612.01718926
4.4599999999999996e-08 209889376.68623182
4.4699999999999997e-08 207671618.42307553
4.479999999999999e-08 205839496.02740362
4.489999999999999e-08 204509024.73479047
4.499999999999999e-08 204038719.1729529
4.51e-08 208480786.42760655
4.52e-08 201409183.3507079
4.53e-08 200359413.82860047
4.54e-08 198430377.38653585
4.55e-08 196188803.85866275
4.56e-08 194846700.43161204
4.57e-08 194290868.0707785
4.58e-08 193224140.12109637
4.59e-08 191547765.88336703
4.5999999999999995e-08 188817214.15679607
4.6099999999999996e-08 187185409.36049056
4.619999999999999e-08 185560094.07076597
4.629999999999999e-08 184025815.53845516
4.639999999999999e-08 183801254.12205055
4.649999999999999e-08 182764157.50430405
4.66e-08 181654329.43544284
4.67e-08 182156531.53434336
4.68e-08 181399646.91302106
4.69e-08 180072848.92601973
4.7e-08 178212319.63361615
4.71e-08 176640695.82758483
4.72e-08 175644556.5674105
4.73e-08 175395445.22516668
4.74e-08 175909218.2367445
4.7499999999999995e-08 176153982.8340143
4.7599999999999996e-08 176000499.88119906
4.769999999999999e-08 175534418.6208151
4.779999999999999e-08 174282066.294214
4.789999999999999e-08 172782745.386976
4.799999999999999e-08 171634531.27447093
4.81e-08 170350159.96728653
4.82e-08 169212108.66697425
4.83e-08 166565675.63891473
4.84e-08 164460687.85804233
4.85e-08 162456164.98565415
4.86e-08 160431194.04535997
4.87e-08 158416814.46957996
4.88e-08 156576304.69276097
4.89e-08 154793955.5881297
4.8999999999999995e-08 152779208.6817885
4.9099999999999996e-08 150711749.8399172
4.919999999999999e-08 155249935.25808108
4.929999999999999e-08 154530395.91047922
4.939999999999999e-08 153745104.39242527
4.949999999999999e-08 152896142.24376583
4.9599999999999994e-08 152013263.23995695
4.97e-08 151130445.45790827
4.98e-08 150279952.76524392
4.99e-08 149480763.90762508
5e-08 148737286.85178602
5.01e-08 148043521.86522737
5.02e-08 147415692.7144015
5.03e-08 147054484.32923594
5.04e-08 145866476.07260248
5.0499999999999996e-08 145776847.41567326
5.0599999999999996e-08 145178588.3750228
5.069999999999999e-08 143216981.95653307
5.079999999999999e-08 142451465.0670229
5.089999999999999e-08 142133969.0186384
5.0999999999999993e-08 141625583.52195793
5.1099999999999994e-08 140842863.31783226
5.12e-08 139931577.41729173
5.13e-08 138958641.20423225
5.14e-08 137966236.47142997
5.15e-08 137062848.17795488
5.16e-08 136335900.9973692
5.17e-08 135768314.0585777
5.18e-08 135278846.08579826
5.19e-08 134792684.08806953
5.1999999999999996e-08 134273217.4527933
5.2099999999999997e-08 133727180.57359135
5.219999999999999e-08 133173552.1961249
5.229999999999999e-08 132613924.0861591
5.239999999999999e-08 132042112.84591398
5.2499999999999994e-08 131453832.9521757
5.2599999999999995e-08 130846268.2039752
5.27e-08 130226214.21669443
5.28e-08 129611241.63551001
5.29e-08 129014145.80830331
5.3e-08 128429600.4419371
5.31e-08 127843463.30980575
5.32e-08 127251632.55397603
5.33e-08 126544704.88897492
5.34e-08 125643214.47006598
5.3499999999999996e-08 124670951.69636868
5.359999999999999e-08 123714361.69328195
5.369999999999999e-08 122846726.90776227
5.379999999999999e-08 122088954.57091708
5.389999999999999e-08 121433863.37027523
5.3999999999999994e-08 120857864.5616326
5.4099999999999995e-08 120317509.06177698
5.42e-08 119755872.87807669
5.43e-08 119116466.69239746
5.44e-08 118403104.62039958
5.45e-08 117715443.44333263
5.46e-08 117125706.47170165
5.47e-08 116584665.28813182
5.48e-08 116015162.10824615
5.49e-08 115402705.74140587
5.4999999999999996e-08 114770609.43389422
5.509999999999999e-08 114131931.78716132
5.519999999999999e-08 113493076.59732386
5.529999999999999e-08 112877712.19687422
5.539999999999999e-08 112322675.71892321
5.5499999999999994e-08 111839293.18910743
5.5599999999999995e-08 111404765.6239293
5.57e-08 111379842.24535288
5.58e-08 111147273.02271442
5.59e-08 111166325.2344879
5.6e-08 111174877.9143875
5.61e-08 109847210.57839137
5.62e-08 108189937.52984369
5.63e-08 108142049.86901717
5.64e-08 108681346.23242137
5.6499999999999996e-08 108455242.02765977
5.659999999999999e-08 107897719.94624475
5.669999999999999e-08 107480009.99859288
5.679999999999999e-08 107032736.06294163
5.6899999999999993e-08 106447192.7818842
5.6999999999999994e-08 105844072.73347405
5.7099999999999995e-08 105296309.40063451
5.7199999999999996e-08 104787654.52820918
5.729999999999999e-08 104301614.97400083
5.74e-08 103839837.60335878
5.75e-08 103413574.9758073
5.76e-08 103009529.72503152
5.77e-08 102586934.28091589
5.78e-08 102131456.62939815
5.79e-08 101741859.714029
5.7999999999999997e-08 101387918.3517989
5.809999999999999e-08 100779759.7525245
5.819999999999999e-08 100187543.29960553
5.829999999999999e-08 99691463.37672476
5.8399999999999994e-08 99209286.91558489
5.8499999999999994e-08 98652554.59487642
5.8599999999999995e-08 97982941.59271571
5.8699999999999996e-08 97232436.27880599
5.879999999999999e-08 98553252.89983599
5.89e-08 98006505.84821574
5.9e-08 97437333.26583515
5.91e-08 96851024.71277523
5.92e-08 96251467.77080859
5.93e-08 95639470.56716979
5.94e-08 95014194.36374415
5.95e-08 94376000.36891681
5.959999999999999e-08 93727141.54346308
5.97e-08 93070770.80803311
5.98e-08 92410561.46823873
5.99e-08 91750450.08326069
6e-08 91094385.45663169
6.01e-08 90446757.18855794
6.02e-08 89812683.4181919
6.03e-08 89133556.55449648
6.04e-08 88376690.29970221
6.05e-08 87658399.87600845
6.06e-08 86981348.42998374
6.07e-08 86351621.40459172
6.08e-08 85774153.27370435
6.09e-08 85244095.27391396
6.099999999999999e-08 87764129.85586962
6.109999999999998e-08 87183061.88548262
6.12e-08 86606793.7010951
6.13e-08 86039047.58572711
6.14e-08 85483576.43327872
6.15e-08 84944041.30500974
6.16e-08 84423919.5968994
6.17e-08 83926358.10742189
6.18e-08 83454050.59402582
6.19e-08 83009274.50619063
6.2e-08 82593829.76366606
6.21e-08 82208683.67026328
6.22e-08 81853897.44774245
6.23e-08 81528901.73373376
6.24e-08 81232619.02525772
6.25e-08 80963512.65613335
6.26e-08 80719758.2179068
6.27e-08 80499188.46026707
6.28e-08 80299109.62576546
6.29e-08 80099459.34358522
6.3e-08 79909433.12210806
6.31e-08 79730947.2024281
6.32e-08 79560536.43291822
6.33e-08 79394913.20505579
6.34e-08 79231108.26347123
6.35e-08 79066507.43900411
6.36e-08 78898906.74828728
6.37e-08 78726567.49333118
6.38e-08 78548197.8949956
6.39e-08 78362971.45951793
6.399999999999999e-08 78170502.48980886
6.41e-08 77970827.71892455
6.42e-08 77764320.5996022
6.43e-08 77551654.57120396
6.44e-08 77333741.8379568
6.45e-08 77111647.65848814
6.46e-08 76886516.87971368
6.47e-08 76659512.71507719
6.48e-08 76431792.25584638
6.489999999999999e-08 76204445.24935278
6.499999999999999e-08 75978445.12158352
6.509999999999998e-08 75754716.3211176
6.519999999999999e-08 75534017.99778144
6.529999999999998e-08 75316999.10223317
6.539999999999999e-08 75104149.40855435
6.549999999999998e-08 74895805.63642606
6.559999999999999e-08 74692182.062009
6.569999999999999e-08 74493315.41835931
6.58e-08 74299132.23936471
6.59e-08 74326253.47913222
6.6e-08 74131751.9469846
6.61e-08 73939509.49778828
6.62e-08 73750156.71567327
6.63e-08 73563369.12531054
6.64e-08 73378001.8797844
6.65e-08 73193975.39080659
6.66e-08 73010897.83911183
6.67e-08 72828010.07487369
6.68e-08 72644957.011883
6.69e-08 72461573.35138726
6.7e-08 72277748.8942181
6.71e-08 72093385.6855592
6.72e-08 71908293.93795395
6.73e-08 71722167.54260135
6.74e-08 71534945.27774122
6.75e-08 71346694.48730977
6.76e-08 71157562.10353148
6.77e-08 70967646.08122267
6.78e-08 70776909.68732719
6.789999999999999e-08 70584777.43729922
6.799999999999999e-08 70390630.99136074
6.809999999999998e-08 70194709.11437654
6.819999999999999e-08 69997764.83399704
6.829999999999998e-08 69800428.73435228
6.839999999999999e-08 69603245.68910801
6.849999999999998e-08 69406705.47234581
6.859999999999999e-08 69211285.61379524
6.869999999999999e-08 69017359.56619346
6.879999999999998e-08 68825190.58310938
6.89e-08 68635005.18505569
6.9e-08 68446840.10508852
6.91e-08 68260597.38839154
6.92e-08 68076215.81320457
6.93e-08 67893634.15776743
6.94e-08 67712668.75679949
6.95e-08 67533135.94502017
6.96e-08 67355078.57766162
6.97e-08 67180149.64224915
6.98e-08 67014226.42776175
6.99e-08 66859127.220477276
7e-08 66699748.61215499
7.01e-08 66526711.42913263
7.02e-08 66349768.297809675
7.03e-08 66172984.34306323
7.04e-08 65997179.93647994
7.05e-08 65822128.557547085
7.06e-08 65646250.684851564
7.07e-08 65470868.70841364
7.08e-08 65297709.08187088
7.089999999999999e-08 65126790.17175136
7.099999999999999e-08 64956538.57881799
7.109999999999998e-08 64786776.75996621
7.119999999999999e-08 64617970.0005735
7.129999999999998e-08 64450204.01110415
7.139999999999999e-08 64283209.41581329
7.149999999999999e-08 64116698.472427994
7.159999999999999e-08 63950524.24872379
7.169999999999999e-08 63784472.468539976
7.179999999999998e-08 63618310.48918779
7.19e-08 63452044.43284329
7.2e-08 63285857.964787036
7.21e-08 63119946.994651675
7.22e-08 62954733.95258257
7.23e-08 62790794.32312556
7.24e-08 62628299.52720923
7.25e-08 62467035.28867286
7.26e-08 62307485.25942203
7.27e-08 62148927.022686385
7.28e-08 61991121.81360117
7.29e-08 61834308.397031166
7.3e-08 61678621.46084879
7.31e-08 61524220.181630574
7.32e-08 61371288.2246571
7.33e-08 61219990.88868088
7.34e-08 61070377.15111012
7.35e-08 60922826.586858004
7.36e-08 60777853.45871019
7.37e-08 60634178.231878586
7.38e-08 60491868.25029938
7.389999999999999e-08 60350788.82610015
7.399999999999999e-08 60189206.234410755
7.409999999999998e-08 60017099.622143395
7.419999999999999e-08 59846364.377304465
7.429999999999998e-08 59677147.43211844
7.439999999999999e-08 59509705.91797813
7.449999999999999e-08 59344254.11104425
7.459999999999999e-08 59180614.468212225
7.469999999999999e-08 59018560.46896931
7.479999999999998e-08 58858098.23549152
7.49e-08 58699233.8899549
7.5e-08 58541942.94365536
7.51e-08 58386158.05265667
7.52e-08 58231824.11737466
7.53e-08 58078892.16040118
7.54e-08 57927356.0595602
7.55e-08 57764432.71132249
7.56e-08 57596770.79884547
7.57e-08 57430247.61110813
7.58e-08 57264875.39246251
7.59e-08 57100739.85337288
7.6e-08 56937871.60471933
7.61e-08 56776007.392933026
7.62e-08 56614675.81046044
7.63e-08 56453870.73512556
7.64e-08 56293959.49748955
7.65e-08 56135211.473297305
7.66e-08 55977847.060885526
7.67e-08 55822092.78076693
7.68e-08 55668328.20785476
7.69e-08 55517245.148039244
7.699999999999999e-08 55368506.8816393
7.709999999999998e-08 55221697.100685574
7.719999999999999e-08 55076834.171706125
7.729999999999998e-08 54933844.62858873
7.739999999999999e-08 54792685.61610124
7.749999999999999e-08 54653271.423779376
7.759999999999998e-08 54515467.36375071
7.769999999999999e-08 54379175.48119892
7.779999999999998e-08 54244334.55436381
7.79e-08 54110871.117133155
7.8e-08 53978834.14691509
7.81e-08 53849686.843778364
7.82e-08 53728375.92594692
7.83e-08 53613560.63687243
7.84e-08 53492164.008576706
7.85e-08 53364902.33565406
7.86e-08 53237689.64013957
7.87e-08 53110354.50110468
7.88e-08 52983417.30351108
7.89e-08 52857239.25574393
7.9e-08 52731697.914282836
7.91e-08 52606799.401303805
7.92e-08 52482709.0155594
7.93e-08 52359708.3771465
7.94e-08 52237999.51787377
7.95e-08 52117368.16158051
7.96e-08 51997685.742570326
7.97e-08 51878988.99389931
7.98e-08 51761118.73899097
7.99e-08 51643799.4799244
7.999999999999999e-08 51526798.57401086
8.009999999999998e-08 51409913.98944169
8.019999999999999e-08 51293004.91616845
8.029999999999998e-08 51175997.8880789
8.039999999999999e-08 51058911.27170108
8.049999999999999e-08 50942198.108060464
8.059999999999998e-08 50826813.45661615
8.069999999999999e-08 50712365.498102844
8.079999999999998e-08 50598315.48103083
8.09e-08 50484375.66312716
8.1e-08 50370503.18915972
8.11e-08 50256740.914360635
8.12e-08 50143094.960905924
8.13e-08 50029510.229211405
8.14e-08 49915937.74186893
8.15e-08 49802304.03276625
8.16e-08 49688602.979727365
8.17e-08 49575030.49238489
8.18e-08 49461843.70213166
8.19e-08 49349207.90772021
8.2e-08 49237214.94179083
8.21e-08 49125938.270455755
8.22e-08 49015432.99329918
8.23e-08 48905705.2324971
8.24e-08 48796693.76628935
8.25e-08 48688312.88421162
8.26e-08 48580440.142743535
8.27e-08 48472965.34271674
8.28e-08 48365821.140195005
8.29e-08 48259087.123466596
8.299999999999999e-08 48153344.89925339
8.309999999999998e-08 48048135.30435389
8.319999999999999e-08 47943256.30695947
8.329999999999998e-08 47838799.739710405
8.339999999999999e-08 47734943.14571129
8.349999999999999e-08 47631815.09065851
8.359999999999998e-08 47529635.9728888
8.369999999999999e-08 47428491.502866425
8.379999999999998e-08 47328295.97012712
8.389999999999999e-08 47228847.34286222
8.399999999999998e-08 47130010.933199294
8.41e-08 47031670.41979396
8.42e-08 46933752.336534
8.43e-08 46836164.85077911
8.44e-08 46739201.82697822
8.45e-08 46642906.1203635
8.46e-08 46546720.612917125
8.47e-08 46450792.23686358
8.48e-08 46355206.70266715
8.49e-08 46260006.865559965
8.5e-08 46165309.04688639
8.51e-08 46071811.17471268
8.52e-08 45978858.17620475
8.53e-08 45886425.56265849
8.54e-08 45794458.234489724
8.55e-08 45702656.2050735
8.56e-08 45610707.24343279
8.57e-08 45518599.10521558
8.58e-08 45426393.01218205
8.59e-08 45334125.69738833
8.599999999999999e-08 45241827.7717145
8.609999999999998e-08 45149511.4795126
8.619999999999999e-08 45057189.065134704
8.629999999999999e-08 44964897.26163689
8.639999999999999e-08 44872709.535131425
8.649999999999999e-08 44780638.12997033
8.659999999999998e-08 44688756.512265846
8.669999999999999e-08 44597119.78160215
8.679999999999998e-08 44505813.64844352
8.689999999999999e-08 44414868.72367006
8.699999999999998e-08 44324303.37380982
8.71e-08 44234056.37710261
8.72e-08 44144078.75614027
8.73e-08 44054284.80045853
8.74e-08 43964643.899177276
8.75e-08 43875137.685768455
8.76e-08 43785833.50416829
8.77e-08 43698065.98874908
8.78e-08 43614651.34047992
8.79e-08 43531371.38008319
8.8e-08 43442630.438676834
8.81e-08 43352463.03025788
8.82e-08 43261946.65780581
8.83e-08 43171209.88701702
8.84e-08 43080356.794883855
8.85e-08 42989552.680158846
8.86e-08 42898883.25330627
8.87e-08 42808624.01224702
8.88e-08 42719007.599669844
8.89e-08 42627695.344335206
8.899999999999999e-08 42525908.04583076
8.909999999999998e-08 42424892.1415048
8.919999999999999e-08 42324653.75353335
8.929999999999999e-08 42225168.393212326
8.939999999999999e-08 42126362.5944295
8.949999999999999e-08 42028083.302784376
8.959999999999998e-08 41930189.70822849
8.969999999999999e-08 41832602.22247359
8.979999999999998e-08 41735296.35681561
8.989999999999999e-08 41638308.84431064
8.999999999999999e-08 41541823.35023931
9.01e-08 41446145.98340258
9.02e-08 41351344.087736666
9.03e-08 41257282.97536915
9.04e-08 41163907.54671584
9.05e-08 41071364.73400123
9.06e-08 40979819.83597783
9.07e-08 40889334.07440585
9.08e-08 40799889.082757235
9.09e-08 40711435.88362381
9.1e-08 40623907.133069366
9.11e-08 40537333.441974014
9.12e-08 40451745.421217844
9.13e-08 40367149.19297686
9.14e-08 40283520.26854701
9.15e-08 40200828.037048176
9.16e-08 40119017.398896195
9.17e-08 40038045.49885891
9.18e-08 39957832.74864808
9.19e-08 39878213.84951116
9.199999999999999e-08 39799274.51191244
9.209999999999998e-08 39720984.12497182
9.219999999999999e-08 39643342.688689284
9.229999999999999e-08 39566399.180473
9.239999999999998e-08 39490098.50073879
9.249999999999999e-08 39414434.52731064
9.259999999999998e-08 39339419.50454058
9.269999999999999e-08 39265047.3102526
9.279999999999998e-08 39191348.55532679
9.289999999999999e-08 39118353.85064325
9.299999999999999e-08 39046099.92925809
9.31e-08 38974635.7685795
9.32e-08 38903943.00207939
9.33e-08 38833966.53017358
9.34e-08 38764681.86415801
9.35e-08 38696033.9044485
9.36e-08 38627979.795812905
9.37e-08 38560452.19431501
9.38e-08 38493414.36689869
9.39e-08 38426792.84745171
9.4e-08 38360581.51379806
9.41e-08 38294829.343345895
9.42e-08 38229505.72521511
9.43e-08 38164543.31546949
9.44e-08 38099911.50322893
9.45e-08 38035598.044141404
9.46e-08 37971584.57167885
9.47e-08 37907913.941073395
9.48e-08 37844518.80838883
9.49e-08 37781374.68492108
9.499999999999999e-08 37718481.57067013
9.509999999999998e-08 37655814.97693192
9.519999999999999e-08 37593399.39241052
9.529999999999999e-08 37531253.18363398
9.539999999999998e-08 37469388.59495436
9.549999999999999e-08 37407830.11507572
9.559999999999998e-08 37346589.988350116
9.569999999999999e-08 37285686.58130559
9.579999999999998e-08 37225113.77176613
9.589999999999999e-08 37164877.681907766
9.599999999999999e-08 37104984.433906496
9.609999999999998e-08 37045421.7834103
9.62e-08 36986073.4090748
9.63e-08 36926804.62302755
9.64e-08 36867633.79179661
9.65e-08 36808573.15973404
9.66e-08 36749659.45989593
9.67e-08 36690904.93663435
9.68e-08 36632309.58994927
9.69e-08 36573885.66419274
9.7e-08 36515620.91501274
9.71e-08 36457527.58676128
9.72e-08 36399575.06855828
9.73e-08 36336014.637121186
9.74e-08 36272233.80734737
9.75e-08 36208544.810213864
9.76e-08 36144929.27919259
9.77e-08 36081350.481227435
9.78e-08 36017839.02719849
9.79e-08 35954468.383218005
9.799999999999999e-08 35891195.694053836
9.809999999999999e-08 35828008.71535395
9.819999999999999e-08 35764950.30235047
9.829999999999999e-08 35702063.31027555
9.839999999999998e-08 35639421.20524141
9.849999999999999e-08 35577079.08683225
9.859999999999998e-08 35515263.475560784
9.869999999999999e-08 35455547.77066409
9.879999999999998e-08 35399370.68350682
9.889999999999999e-08 35341840.59544918
9.899999999999999e-08 35281555.528182656
9.909999999999998e-08 35221307.193972245
9.919999999999999e-08 35161285.380274564
9.929999999999998e-08 35101373.765745245
9.94e-08 35041468.27339194
9.95e-08 34981746.44631923
9.96e-08 34922287.87281536
9.97e-08 34863117.04158443
9.98e-08 34804240.07480245
9.99e-08 34745687.58334951
1e-07 34687416.711993486
1.001e-07 34629317.261566006
1.002e-07 34571285.155074745
1.003e-07 34513363.24775185
1.004e-07 34455527.05089322
1.005e-07 34397733.70926673
1.006e-07 34340001.58940044
1.007e-07 34282373.54652649
1.008e-07 34224788.35888467
1.009e-07 34167301.126059175
1.0099999999999999e-07 34110040.4137464
1.0109999999999999e-07 34053116.42111472
1.0119999999999999e-07 33996388.33811567
1.0129999999999999e-07 33939715.3547008
1.0139999999999998e-07 33883054.615637966
1.0149999999999999e-07 33826430.60963125
1.0159999999999998e-07 33769849.45885667
1.0169999999999999e-07 33713292.796786174
1.0179999999999999e-07 33656742.2568917
1.0189999999999999e-07 33600216.2057013
1.0199999999999999e-07 33543684.032334883
1.0209999999999998e-07 33487151.858968463
1.0219999999999999e-07 33430625.807778064
1.0229999999999998e-07 33374167.100523885
1.024e-07 33317824.71461408
1.025e-07 33261592.527872626
1.026e-07 33205531.76205973
1.027e-07 33149691.394583546
1.028e-07 33094053.05891601
1.029e-07 33022037.902395632
1.03e-07 32955508.215588957
1.031e-07 32888378.55553234
1.032e-07 32821989.678774115
1.033e-07 32756959.92509228
1.034e-07 32692070.981458895
1.035e-07 32628124.852932554
1.036e-07 32566529.6399978
1.037e-07 32508828.1310116
1.038e-07 32457756.938654806
1.039e-07 32405687.83160679
1.0399999999999999e-07 32354512.56225766
1.0409999999999999e-07 32304971.913905803
1.0419999999999999e-07 32252431.399304263
1.0429999999999999e-07 32198219.530649334
1.0439999999999998e-07 32144460.70301986
1.0449999999999999e-07 32089336.630137987
1.0459999999999998e-07 32034120.724615816
1.0469999999999999e-07 31979578.258455817
1.0479999999999999e-07 31925911.263466645
1.0489999999999999e-07 31872532.0107504
1.0499999999999999e-07 31818522.173904125
1.0509999999999998e-07 31738291.05716523
1.0519999999999999e-07 31714206.41670352
1.0529999999999998e-07 31660735.331346978
1.054e-07 31611262.026931334
1.055e-07 31562321.351829413
1.056e-07 31512915.39134999
1.057e-07 31463931.86101593
1.058e-07 31427639.60157082
1.059e-07 31411526.034286827
1.06e-07 31325925.769178614
1.061e-07 31263950.981330633
1.062e-07 31209384.026466556
1.063e-07 31157467.97381903
1.064e-07 31109151.760671124
1.065e-07 31063443.59450763
1.066e-07 31019921.045183197
1.067e-07 30978253.515192743
1.068e-07 30936396.197745677
1.069e-07 30896167.379119866
1.0699999999999999e-07 30842726.904643424
1.0709999999999999e-07 30819217.748727564
1.0719999999999998e-07 30779239.93931856
1.0729999999999999e-07 30732570.59151997
1.0739999999999998e-07 30681352.4669387
1.0749999999999999e-07 30630911.85871194
1.0759999999999998e-07 30578224.411885925
1.0769999999999999e-07 30523112.58335609
1.0779999999999999e-07 30467431.392456416
1.0789999999999998e-07 30410997.173906315
1.0799999999999999e-07 30356013.911072895
1.0809999999999998e-07 30303467.27429534
1.0819999999999999e-07 30248416.6675257
1.0829999999999998e-07 30168687.56922043
1.084e-07 30031373.283273343
1.085e-07 30001919.494442303
1.086e-07 29972275.91815465
1.087e-07 29932359.330505848
1.088e-07 29886228.73419699
1.089e-07 29838983.90185254
1.09e-07 29791304.39501069
1.091e-07 29741420.904801726
1.092e-07 29679997.11279552
1.093e-07 29644727.25674571
1.094e-07 29594843.76653675
1.095e-07 29553868.04243653
1.096e-07 29487038.369004883
1.097e-07 29457284.593548875
1.098e-07 29424163.621282
1.099e-07 29402233.98677924
1.0999999999999999e-07 29343638.640094157
1.1009999999999999e-07 29302301.707608774
1.1019999999999998e-07 29271231.66430852
1.1029999999999999e-07 29236359.74969999
1.1039999999999998e-07 29184119.22172342
1.1049999999999999e-07 29135331.60102199
1.1059999999999998e-07 29084088.987736642
1.1069999999999999e-07 29029503.66634451
1.1079999999999999e-07 28979889.551880416
1.1089999999999998e-07 29141827.229778953
1.1099999999999999e-07 30269587.152202014
1.1109999999999998e-07 29426716.568682235
1.1119999999999999e-07 26692589.491315745
1.1129999999999998e-07 28498239.597878225
1.114e-07 28546231.335697085
1.115e-07 28578611.524665568
1.116e-07 28576150.409905627
1.117e-07 28486325.84334378
1.118e-07 28478575.16850277
1.119e-07 28476273.230319344
1.12e-07 28445692.961100668
1.121e-07 28393134.07997107
1.122e-07 28358219.310130406
1.123e-07 28328336.96897798
1.124e-07 28270029.364565834
1.125e-07 28205991.403399196
1.126e-07 28162628.03065127
1.127e-07 28118119.81098765
1.128e-07 28096104.466020614
1.129e-07 28038758.043243565
1.1299999999999999e-07 27980413.705775302
1.1309999999999999e-07 27937405.41923652
1.1319999999999998e-07 27957859.609318525
1.1329999999999999e-07 27971548.794898696
1.1339999999999998e-07 27893429.828886624
1.1349999999999999e-07 27757493.032543983
1.1359999999999998e-07 27654854.751572784
1.1369999999999999e-07 27600483.706341345
1.1379999999999999e-07 27578517.33878246
1.1389999999999998e-07 27529644.007616755
1.1399999999999999e-07 27471158.86010004
1.1409999999999998e-07 27428787.27986731
1.1419999999999999e-07 27385038.210030142
1.1429999999999998e-07 27334922.07713243
1.1439999999999999e-07 27276528.762256
1.1449999999999999e-07 27225861.633516513
1.1459999999999998e-07 27196934.351823166
1.147e-07 27163874.60131649
1.148e-07 27110930.023097645
1.149e-07 27058462.974608347
1.15e-07 27002071.61129038
1.151e-07 26940776.384980593
1.152e-07 26861677.87080536
1.153e-07 26777369.384837314
1.154e-07 26703297.177174296
1.155e-07 26631765.672559477
1.156e-07 26557693.464896463
1.157e-07 26475062.455157828
1.158e-07 26389700.95491438
1.159e-07 26304572.09735969
1.1599999999999999e-07 26225406.23924824
1.1609999999999999e-07 26139163.14565795
1.1619999999999998e-07 26041667.492543347
1.1629999999999999e-07 25942035.199997853
1.1639999999999998e-07 25842647.794493154
1.1649999999999999e-07 25747790.799243063
1.1659999999999999e-07 25650368.612240702
1.1669999999999999e-07 25546309.986432925
1.1679999999999999e-07 25426131.671165135
1.1689999999999998e-07 25297125.178076852
1.1699999999999999e-07 25160233.322275132
1.1709999999999998e-07 25028606.5378504
1.1719999999999999e-07 26129520.71842683
1.1729999999999998e-07 26070007.045338795
1.1739999999999999e-07 26009538.31279167
1.1749999999999999e-07 25948114.52078547
1.1759999999999998e-07 25885717.30279213
1.177e-07 25822322.170107562
1.178e-07 25757953.61143586
1.179e-07 25692654.48200915
1.18e-07 25626461.51488356
1.181e-07 25559442.0539953
1.182e-07 25492122.606482074
1.183e-07 25425660.26361161
1.184e-07 25358634.680547338
1.185e-07 25289239.81536341
1.186e-07 25219079.678177018
1.187e-07 25148484.86649322
1.188e-07 25077541.090776302
1.189e-07 25006370.79454665
1.19e-07 24935022.955212425
1.1909999999999999e-07 24863491.450597607
1.1919999999999998e-07 24791825.25811035
1.1929999999999996e-07 24720122.33256698
1.194e-07 24648560.217072062
1.195e-07 24577371.55431435
1.196e-07 24506807.353510655
1.197e-07 24437136.990405843
1.198e-07 24368568.618984587
1.199e-07 24301255.29364738
1.2e-07 24235294.96921054
1.201e-07 24170748.86743426
1.202e-07 24107653.721374664
1.203e-07 24046009.53103175
1.204e-07 23985846.907285616
1.205e-07 23927233.19407248
1.206e-07 23870199.002272442
1.207e-07 23814670.865773264
1.208e-07 23760544.70758261
1.209e-07 23707716.450708143
1.21e-07 23656106.506861612
1.211e-07 23605665.89863485
1.212e-07 23556333.40426766
1.213e-07 23507998.824591693
1.214e-07 23460209.11858149
1.215e-07 23409082.826640513
1.216e-07 23358660.58494181
1.217e-07 23308850.56084508
1.218e-07 23259579.288238093
1.219e-07 23210803.911888707
1.2199999999999998e-07 23162475.45438876
1.221e-07 23114581.671386216
1.2219999999999997e-07 23066865.431488246
1.223e-07 23019498.155623402
1.224e-07 22972596.165136054
1.225e-07 22926183.948730297
1.226e-07 22880292.11728621
1.227e-07 22834969.648211963
1.228e-07 22790277.763267748
1.229e-07 22746265.439861733
1.23e-07 22702987.777578086
1.231e-07 22660469.265120886
1.232e-07 22618709.90249013
1.233e-07 22577746.422741953
1.234e-07 22537621.68110848
1.235e-07 22498384.65499787
1.236e-07 22460023.100058086
1.237e-07 22422530.894113105
1.238e-07 22385901.914986912
1.239e-07 22350105.5517994
1.24e-07 22315111.193670485
1.241e-07 22280894.35189607
1.242e-07 22247399.92689199
1.243e-07 22214585.063426103
1.244e-07 22182406.906266272
1.245e-07 22150822.600180358
1.246e-07 22119783.167760197
1.247e-07 22089239.631597638
1.248e-07 22059167.5029886
1.249e-07 22029517.80452493
1.25e-07 22000278.29185458
1.2509999999999998e-07 21971412.231921434
1.252e-07 21942913.502549473
1.2529999999999996e-07 21914769.85938666
1.254e-07 21886969.05808095
1.255e-07 21859504.97645633
1.256e-07 21832377.614512794
1.257e-07 21805580.85007433
1.258e-07 21779120.805316944
1.259e-07 21752997.480240654
1.26e-07 21727204.752669424
1.261e-07 21701754.866955303
1.262e-07 21676635.578746244
1.263e-07 21651840.76586624
1.264e-07 21627376.5504913
1.265e-07 21603218.443917345
1.266e-07 21579378.69049642
1.267e-07 21555826.67934842
1.268e-07 21532568.53264937
1.269e-07 21509579.761695188
1.27e-07 21486848.12213384
1.271e-07 21464349.12526124
1.272e-07 21442070.52672535
1.273e-07 21420000.082174134
1.274e-07 21398113.302903507
1.275e-07 21376410.188913476
1.276e-07 21354890.74020404
1.277e-07 21333536.590247132
1.278e-07 21312329.3725147
1.279e-07 21291275.209182765
1.2799999999999998e-07 21270355.733723264
1.2809999999999996e-07 21249577.068312213
1.282e-07 21228926.96859758
1.283e-07 21208399.31240334
1.284e-07 21187987.977553476
1.285e-07 21167668.47534391
1.286e-07 21147446.927950658
1.287e-07 21127298.846669644
1.288e-07 21107224.231500868
1.289e-07 21087204.71591627
1.29e-07 21067234.177739825
1.291e-07 21047300.372619502
1.292e-07 21027403.3005553
1.293e-07 21007530.717195176
1.294e-07 20987670.37818709
1.295e-07 20967822.283531047
1.296e-07 20947968.06669898
1.297e-07 20928113.849866915
1.2979999999999998e-07 20908247.38868281
1.299e-07 20888368.683146663
1.2999999999999997e-07 20868459.366730418
1.301e-07 20848519.439434078
1.3019999999999996e-07 20828555.023433656
1.303e-07 20808553.874377117
1.3039999999999998e-07 20788509.87008844
1.305e-07 20768423.010567624
1.3059999999999997e-07 20748293.295814667
1.307e-07 20728114.603653554
1.3079999999999998e-07 20707893.056260306
1.309e-07 20687628.653634917
1.3099999999999997e-07 20667315.273601368
1.311e-07 20646952.916159663
1.3119999999999998e-07 20626547.70348582
1.313e-07 20606087.3912278
1.3139999999999997e-07 20585571.9793856
1.315e-07 20564995.3457832
1.316e-07 20544345.24606857
1.317e-07 20523615.55806568
1.318e-07 20502806.281774532
1.319e-07 20481905.172843087
1.32e-07 20460899.986919306
1.321e-07 20439790.724003192
1.322e-07 20418571.26191872
1.323e-07 20397229.35631385
1.324e-07 20375777.25154063
1.325e-07 20354196.581070993
1.326e-07 20332511.833609026
1.327e-07 20310704.642626658
1.328e-07 20288781.13029991
1.3289999999999998e-07 20266747.418804813
1.33e-07 20244597.385965344
1.3309999999999997e-07 20222337.153957512
1.332e-07 20199972.844957348
1.3329999999999998e-07 20177504.458964847
1.334e-07 20154944.240332045
1.3349999999999997e-07 20132304.43341099
1.336e-07 20109585.038201682
1.3369999999999999e-07 20086779.932528097
1.338e-07 20063913.605094306
1.3389999999999997e-07 20040979.933724307
1.34e-07 20017991.162770126
1.3409999999999996e-07 19994953.41440779
1.342e-07 19971866.68863729
1.3429999999999998e-07 19948730.98545864
1.344e-07 19925552.427047845
1.3449999999999997e-07 19902343.257756952
1.346e-07 19879091.23323392
1.347e-07 19855790.231302734
1.348e-07 19832446.37413941
1.349e-07 19809065.783919968
1.35e-07 19785630.09411634
1.351e-07 19762139.30472854
1.352e-07 19738611.78228462
1.353e-07 19715029.160256527
1.354e-07 19691403.68299629
1.355e-07 19667735.35050392
1.356e-07 19644054.773659505
1.357e-07 19620331.341582958
1.3579999999999999e-07 19596595.665154368
1.359e-07 19572841.622197717
1.3599999999999997e-07 19549081.457065046
1.361e-07 19525309.047580335
1.3619999999999996e-07 19501542.76027165
1.363e-07 19477788.717314996
1.3639999999999998e-07 19454046.918710392
1.365e-07 19430335.73098588
1.3659999999999997e-07 19406667.398493502
1.367e-07 19383035.79905725
1.3679999999999998e-07 19359453.17702915
1.369e-07 19335919.532409213
1.3699999999999997e-07 19312453.231725495
1.371e-07 19289048.152801972
1.3719999999999998e-07 19265704.295638643
1.373e-07 19242421.660235517
1.3739999999999997e-07 19219194.124416567
1.375e-07 19196033.93253383
1.3759999999999996e-07 19172928.840235274
1.377e-07 19149884.969696917
1.378e-07 19126902.320918757
1.379e-07 19103980.893900797
1.38e-07 19081120.68864303
1.381e-07 19058321.705145463
1.382e-07 19035583.943408094
1.383e-07 19012901.2812549
1.384e-07 18990279.840861905
1.385e-07 18967731.866581146
1.386e-07 18945251.236236606
1.387e-07 18922825.705476243
1.388e-07 18900449.152124036
1.3889999999999998e-07 18878115.45400397
1.39e-07 18855830.73329206
1.3909999999999997e-07 18833607.23434035
1.392e-07 18811451.07932486
1.3929999999999998e-07 18789362.26824558
1.394e-07 18767346.923278544
1.3949999999999997e-07 18745411.16659976
1.396e-07 18723573.364737295
1.3969999999999996e-07 18701821.273339104
1.398e-07 18680161.01458121
1.3989999999999998e-07 18658610.954991672
1.4e-07 18637152.728042435
1.4009999999999996e-07 18615792.455909505
1.402e-07 18594530.138592895
1.4029999999999998e-07 18573359.653916582
1.404e-07 18552281.001880568
1.4049999999999997e-07 18531294.182484847
1.406e-07 18510393.073553406
1.407e-07 18489577.675086237
1.408e-07 18468847.987083346
1.409e-07 18448197.887368713
1.41e-07 18427627.375942335
1.411e-07 18407136.452804215
1.412e-07 18386725.11795435
1.413e-07 18366387.249216724
1.414e-07 18346122.846591335
1.415e-07 18325931.910078183
1.416e-07 18305820.56185329
1.417e-07 18285782.67974063
1.4179999999999999e-07 18265965.195964683
1.419e-07 18246845.64025499
1.4199999999999997e-07 18228050.55987434
1.421e-07 18208520.818371322
1.4219999999999996e-07 18188831.90029179
1.423e-07 18169161.348740317
1.4239999999999998e-07 18149533.652420983
1.425e-07 18129979.422213882
1.4259999999999997e-07 18110468.047238924
1.427e-07 18090981.160968043
1.4279999999999998e-07 18071549.37428134
1.429e-07 18052172.687178817
1.4299999999999997e-07 18032851.099660467
1.431e-07 18013615.2226064
1.4319999999999999e-07 17994452.811664566
1.433e-07 17975351.62248293
1.4339999999999997e-07 17956323.89941353
1.435e-07 17937351.27592831
1.4359999999999996e-07 17918415.385499205
1.437e-07 17899534.594654284
1.438e-07 17880678.292513438
1.439e-07 17861846.479076672
1.44e-07 17843082.00957612
1.441e-07 17824439.983595967
1.442e-07 17805920.40113621
1.443e-07 17787455.918260626
1.444e-07 17769015.924089126
1.445e-07 17750575.929917622
1.446e-07 17732135.935746122
1.447e-07 17713671.45287054
1.448e-07 17695206.96999496
1.4489999999999998e-07 17676736.36494336
1.45e-07 17658259.637715735
1.4509999999999997e-07 17639782.910488114
1.452e-07 17621300.061084475
1.4529999999999998e-07 17602823.333856855
1.454e-07 17584334.362277195
1.4549999999999997e-07 17565857.635049574
1.456e-07 17547380.907821953
1.4569999999999996e-07 17528842.958834134
1.458e-07 17510317.254198357
1.4589999999999998e-07 17491809.916090637
1.46e-07 17472776.070845217
1.4609999999999996e-07 17452119.848954562
1.462e-07 17431481.993591968
1.4629999999999998e-07 17410874.749109473
1.464e-07 17390298.115507077
1.4649999999999997e-07 17369752.09278478
1.466e-07 17349248.92529462
1.467e-07 17328770.24650854
1.468e-07 17308328.30077858
1.469e-07 17287910.843752693
1.47e-07 17267517.87543089
1.471e-07 17247143.273637146
1.472e-07 17226787.03837146
1.473e-07 17206449.16963383
1.474e-07 17186129.667424265
1.475e-07 17165822.409566738
1.476e-07 17145551.88476533
1.477e-07 17125293.60431596
1.4779999999999999e-07 17105053.69039465
1.479e-07 17084838.265177418
1.4799999999999998e-07 17064641.206488244
1.481e-07 17044474.758679174
1.4819999999999996e-07 17024326.67739816
1.483e-07 17004209.206997246
1.4839999999999998e-07 16984128.469652448
1.485e-07 16964078.34318775
1.4859999999999997e-07 16944071.07195519
1.487e-07 16924118.90030681
1.4879999999999998e-07 16904227.950418625
1.489e-07 16884398.22229064
1.4899999999999997e-07 16864641.960274886
1.491e-07 16844965.286547396
1.4919999999999999e-07 16825362.07893214
1.493e-07 16805844.58178116
1.4939999999999997e-07 16786412.795094457
1.495e-07 16767060.596696014
1.4959999999999996e-07 16747800.230937863
1.497e-07 16728631.69782001
1.498e-07 16709548.875166433
1.499e-07 16690557.885153154
1.5e-07 16671652.60560415
4e-07 0e0