   3.8625000000000007E-006   1.2951929324922251     
   6.4375000000000006E-006   0.0000000000000000     
   9.0125000000000022E-006   0.0000000000000000     
   1.1587500000000000E-005   0.0000000000000000     
   1.4162500000000002E-005   0.0000000000000000     
   1.6737500000000004E-005   0.0000000000000000     
   1.9312500000000005E-005   0.0000000000000000     
   2.1887500000000007E-005   0.0000000000000000     
   2.4462500000000008E-005   0.0000000000000000     
   2.7037500000000010E-005   0.0000000000000000     
   2.9612500000000012E-005   0.0000000000000000     
   3.2187500000000017E-005   0.0000000000000000     
   3.4762500000000011E-005   0.0000000000000000     
   3.7337500000000020E-005   0.0000000000000000     
   3.9912500000000015E-005   0.0000000000000000     
   4.2487500000000023E-005   0.0000000000000000     
   4.5062500000000018E-005   0.0000000000000000     
   4.7637500000000026E-005   0.0000000000000000     
   5.0212500000000021E-005   0.0000000000000000     
   5.2787500000000029E-005   0.0000000000000000     
   5.5362500000000024E-005   0.0000000000000000     
   5.7937500000000033E-005   0.0000000000000000     
   6.0512500000000028E-005   0.0000000000000000     
   6.3087500000000022E-005   0.0000000000000000     
   6.5662500000000017E-005   0.0000000000000000     
   6.8237500000000012E-005   0.0000000000000000     
   7.0812500000000007E-005   0.0000000000000000     
   7.3387500000000002E-005   0.0000000000000000     
   7.5962499999999996E-005   0.0000000000000000     
   7.8537499999999991E-005   0.0000000000000000     
   8.1112499999999986E-005   0.0000000000000000     
   8.3687499999999981E-005   0.0000000000000000     
   8.6262499999999976E-005   0.0000000000000000     
   8.8837499999999971E-005   0.0000000000000000     
   9.1412499999999965E-005   0.0000000000000000     
   9.3987499999999960E-005   0.0000000000000000     
   9.6562499999999955E-005   0.0000000000000000     
   9.9137499999999950E-005   0.0000000000000000     
   1.0171249999999994E-004   0.0000000000000000     
   1.0428749999999994E-004   0.0000000000000000     
   1.0686249999999993E-004   0.0000000000000000     
   1.0943749999999993E-004   0.0000000000000000     
   1.1201249999999992E-004   0.0000000000000000     
   1.1458749999999992E-004   0.0000000000000000     
   1.1716249999999991E-004   0.0000000000000000     
   1.1973749999999991E-004   0.0000000000000000     
   1.2231249999999992E-004   0.0000000000000000     
   1.2488749999999991E-004   0.0000000000000000     
   1.2746249999999991E-004   0.0000000000000000     
   1.3003749999999990E-004   0.0000000000000000     
   1.3261249999999990E-004   0.0000000000000000     
   1.3518749999999989E-004   0.0000000000000000     
   1.3776249999999989E-004   0.0000000000000000     
   1.4033749999999988E-004   0.0000000000000000     
   1.4291249999999988E-004   0.0000000000000000     
   1.4548749999999987E-004   0.0000000000000000     
   1.4806249999999987E-004   0.0000000000000000     
   1.5063749999999986E-004   0.0000000000000000     
   1.5321249999999985E-004   0.0000000000000000     
   1.5578749999999985E-004   0.0000000000000000     
   1.5836249999999984E-004   0.0000000000000000     
   1.6093749999999984E-004   0.0000000000000000     
   1.6351249999999983E-004   0.0000000000000000     
   1.6608749999999983E-004   0.0000000000000000     
   1.6866249999999982E-004   0.0000000000000000     
   1.7123749999999982E-004   0.0000000000000000     
   1.7381249999999981E-004   0.0000000000000000     
   1.7638749999999981E-004   0.0000000000000000     
   1.7896249999999980E-004   0.0000000000000000     
   1.8153749999999980E-004   0.0000000000000000     
   1.8411249999999979E-004   0.0000000000000000     
   1.8668749999999979E-004   0.0000000000000000     
   1.8926249999999978E-004   0.0000000000000000     
   1.9183749999999978E-004   0.0000000000000000     
   1.9441249999999977E-004   0.0000000000000000     
   1.9698749999999977E-004   0.0000000000000000     
   1.9956249999999976E-004   0.0000000000000000     
   2.0213749999999976E-004   0.0000000000000000     
   2.0471249999999975E-004   0.0000000000000000     
   2.0728749999999975E-004   0.0000000000000000     
   2.0986249999999974E-004   0.0000000000000000     
   2.1243749999999974E-004   0.0000000000000000     
   2.1501249999999973E-004   0.0000000000000000     
   2.1758749999999973E-004   0.0000000000000000     
   2.2016249999999972E-004   0.0000000000000000     
   2.2273749999999972E-004   0.0000000000000000     
   2.2531249999999971E-004   0.0000000000000000     
   2.2788749999999970E-004   0.0000000000000000     
   2.3046249999999970E-004   0.0000000000000000     
   2.3303749999999969E-004   0.0000000000000000     
   2.3561249999999969E-004   0.0000000000000000     
   2.3818749999999968E-004   0.0000000000000000     
   2.4076249999999968E-004   0.0000000000000000     
   2.4333749999999967E-004   0.0000000000000000     
   2.4591249999999967E-004   0.0000000000000000     
   2.4848749999999966E-004   0.0000000000000000     
   2.5106249999999966E-004   0.0000000000000000     
   2.5363749999999965E-004   0.0000000000000000     
   2.5621249999999965E-004   0.0000000000000000     
   2.5878749999999964E-004   0.0000000000000000     
   2.6136249999999964E-004   0.0000000000000000     
   2.6393749999999963E-004   0.0000000000000000     
   2.6651249999999963E-004   0.0000000000000000     
   2.6908749999999962E-004   0.0000000000000000     
   2.7166249999999962E-004   0.0000000000000000     
   2.7423749999999961E-004   0.0000000000000000     
   2.7681249999999961E-004   0.0000000000000000     
   2.7938749999999960E-004   0.0000000000000000     
   2.8196249999999960E-004   0.0000000000000000     
   2.8453749999999959E-004   0.0000000000000000     
   2.8711249999999959E-004   0.0000000000000000     
   2.8968749999999958E-004   0.0000000000000000     
   2.9226249999999958E-004   0.0000000000000000     
   2.9483749999999957E-004   0.0000000000000000     
   2.9741249999999957E-004   0.0000000000000000     
   2.9998749999999956E-004   0.0000000000000000     
   3.0256249999999955E-004   0.0000000000000000     
   3.0513749999999955E-004   0.0000000000000000     
   3.0771249999999954E-004   0.0000000000000000     
   3.1028749999999954E-004   0.0000000000000000     
   3.1286249999999953E-004   0.0000000000000000     
   3.1543749999999953E-004   0.0000000000000000     
   3.1801249999999952E-004   0.0000000000000000     
   3.2058749999999952E-004   0.0000000000000000     
   3.2316249999999951E-004   0.0000000000000000     
   3.2573749999999951E-004   0.0000000000000000     
   3.2831249999999950E-004   0.0000000000000000     
   3.3088749999999950E-004   0.0000000000000000     
   3.3346249999999949E-004   0.0000000000000000     
   3.3603749999999949E-004   0.0000000000000000     
   3.3861249999999948E-004   0.0000000000000000     
   3.4118749999999948E-004   0.0000000000000000     
   3.4376249999999947E-004   0.0000000000000000     
   3.4633749999999947E-004   0.0000000000000000     
   3.4891249999999946E-004   0.0000000000000000     
   3.5148749999999946E-004   0.0000000000000000     
   3.5406249999999945E-004   0.0000000000000000     
   3.5663749999999945E-004   0.0000000000000000     
   3.5921249999999944E-004   0.0000000000000000     
   3.6178749999999944E-004   0.0000000000000000     
   3.6436249999999943E-004   0.0000000000000000     
   3.6693749999999943E-004   0.0000000000000000     
   3.6951249999999942E-004   0.0000000000000000     
   3.7208749999999942E-004   0.0000000000000000     
   3.7466249999999941E-004   0.0000000000000000     
   3.7723749999999940E-004   0.0000000000000000     
   3.7981249999999940E-004   0.0000000000000000     
   3.8238749999999939E-004   0.0000000000000000     
   3.8496249999999939E-004   0.0000000000000000     
   3.8753749999999938E-004   0.0000000000000000     
   3.9011249999999938E-004   0.0000000000000000     
   3.9268749999999937E-004   0.0000000000000000     
   3.9526249999999937E-004   0.0000000000000000     
   3.9783749999999936E-004   0.0000000000000000     
   4.0041249999999936E-004   0.0000000000000000     
   4.0298749999999935E-004   0.0000000000000000     
   4.0556249999999935E-004   0.0000000000000000     
   4.0813749999999934E-004   0.0000000000000000     
   4.1071249999999934E-004   0.0000000000000000     
   4.1328749999999933E-004   0.0000000000000000     
   4.1586249999999933E-004   0.0000000000000000     
   4.1843749999999932E-004   0.0000000000000000     
   4.2101249999999932E-004   0.0000000000000000     
   4.2358749999999931E-004   0.0000000000000000     
   4.2616249999999931E-004   0.0000000000000000     
   4.2873749999999930E-004   0.0000000000000000     
   4.3131249999999930E-004   0.0000000000000000     
   4.3388749999999929E-004   0.0000000000000000     
   4.3646249999999929E-004   0.0000000000000000     
   4.3903749999999928E-004   0.0000000000000000     
   4.4161249999999928E-004   0.0000000000000000     
   4.4418749999999927E-004   0.0000000000000000     
   4.4676249999999927E-004   0.0000000000000000     
   4.4933749999999926E-004   0.0000000000000000     
   4.5191249999999925E-004   0.0000000000000000     
   4.5448749999999925E-004   0.0000000000000000     
   4.5706249999999924E-004   0.0000000000000000     
   4.5963749999999924E-004   0.0000000000000000     
   4.6221249999999923E-004   0.0000000000000000     
   4.6478749999999923E-004   0.0000000000000000     
   4.6736249999999922E-004   0.0000000000000000     
   4.6993749999999922E-004   0.0000000000000000     
   4.7251249999999921E-004   0.0000000000000000     
   4.7508749999999921E-004   0.0000000000000000     
   4.7766249999999920E-004   0.0000000000000000     
   4.8023749999999920E-004   0.0000000000000000     
   4.8281249999999919E-004   0.0000000000000000     
   4.8538749999999919E-004   0.0000000000000000     
   4.8796249999999918E-004   0.0000000000000000     
   4.9053749999999918E-004   0.0000000000000000     
   4.9311249999999928E-004   0.0000000000000000     
   4.9568749999999917E-004   0.0000000000000000     
   4.9826249999999927E-004   0.0000000000000000     
   5.0083749999999916E-004   0.0000000000000000     
   5.0341249999999926E-004   0.0000000000000000     
   5.0598749999999915E-004   0.0000000000000000     
   5.0856249999999925E-004   0.0000000000000000     
   5.1113749999999914E-004   0.0000000000000000     
   5.1371249999999924E-004   0.0000000000000000     
   5.1628749999999913E-004   0.0000000000000000     
   5.1886249999999923E-004   0.0000000000000000     
   5.2143749999999912E-004   0.0000000000000000     
   5.2401249999999922E-004   0.0000000000000000     
   5.2658749999999910E-004   0.0000000000000000     
   5.2916249999999921E-004   0.0000000000000000     
   5.3173749999999909E-004   0.0000000000000000     
   5.3431249999999920E-004   0.0000000000000000     
   5.3688749999999908E-004   0.0000000000000000     
   5.3946249999999919E-004   0.0000000000000000     
   5.4203749999999907E-004   0.0000000000000000     
   5.4461249999999918E-004   0.0000000000000000     
   5.4718749999999906E-004   0.0000000000000000     
   5.4976249999999917E-004   0.0000000000000000     
   5.5233749999999905E-004   0.0000000000000000     
   5.5491249999999916E-004   0.0000000000000000     
   5.5748749999999904E-004   0.0000000000000000     
   5.6006249999999915E-004   0.0000000000000000     
   5.6263749999999903E-004   0.0000000000000000     
   5.6521249999999914E-004   0.0000000000000000     
   5.6778749999999902E-004   0.0000000000000000     
   5.7036249999999913E-004   0.0000000000000000     
   5.7293749999999901E-004   0.0000000000000000     
   5.7551249999999912E-004   0.0000000000000000     
   5.7808749999999900E-004   0.0000000000000000     
   5.8066249999999910E-004   0.0000000000000000     
   5.8323749999999899E-004   0.0000000000000000     
   5.8581249999999909E-004   0.0000000000000000     
   5.8838749999999898E-004   0.0000000000000000     
   5.9096249999999908E-004   0.0000000000000000     
   5.9353749999999897E-004   0.0000000000000000     
   5.9611249999999907E-004   0.0000000000000000     
   5.9868749999999896E-004   0.0000000000000000     
   6.0126249999999906E-004   0.0000000000000000     
   6.0383749999999895E-004   0.0000000000000000     
   6.0641249999999905E-004   0.0000000000000000     
   6.0898749999999894E-004   0.0000000000000000     
   6.1156249999999904E-004   0.0000000000000000     
   6.1413749999999893E-004   0.0000000000000000     
   6.1671249999999903E-004   0.0000000000000000     
   6.1928749999999892E-004   0.0000000000000000     
   6.2186249999999902E-004   0.0000000000000000     
   6.2443749999999891E-004   0.0000000000000000     
   6.2701249999999901E-004   0.0000000000000000     
   6.2958749999999890E-004   0.0000000000000000     
   6.3216249999999900E-004   0.0000000000000000     
   6.3473749999999889E-004   0.0000000000000000     
   6.3731249999999899E-004   0.0000000000000000     
   6.3988749999999888E-004   0.0000000000000000     
   6.4246249999999898E-004   0.0000000000000000     
   6.4503749999999887E-004   0.0000000000000000     
   6.4761249999999897E-004   0.0000000000000000     
   6.5018749999999886E-004   0.0000000000000000     
   6.5276249999999896E-004   0.0000000000000000     
   6.5533749999999885E-004   0.0000000000000000     
   6.5791249999999895E-004   0.0000000000000000     
   6.6048749999999884E-004   0.0000000000000000     
   6.6306249999999894E-004   0.0000000000000000     
   6.6563749999999883E-004   0.0000000000000000     
   6.6821249999999893E-004   0.0000000000000000     
   6.7078749999999882E-004   0.0000000000000000     
   6.7336249999999892E-004   0.0000000000000000     
   6.7593749999999880E-004   0.0000000000000000     
   6.7851249999999891E-004   0.0000000000000000     
   6.8108749999999879E-004   0.0000000000000000     
   6.8366249999999890E-004   0.0000000000000000     
   6.8623749999999878E-004   0.0000000000000000     
   6.8881249999999889E-004   0.0000000000000000     
   6.9138749999999877E-004   0.0000000000000000     
   6.9396249999999888E-004   0.0000000000000000     
   6.9653749999999876E-004   0.0000000000000000     
   6.9911249999999887E-004   0.0000000000000000     
   7.0168749999999875E-004   0.0000000000000000     
   7.0426249999999886E-004   0.0000000000000000     
   7.0683749999999874E-004   0.0000000000000000     
   7.0941249999999885E-004   0.0000000000000000     
   7.1198749999999873E-004   0.0000000000000000     
   7.1456249999999884E-004   0.0000000000000000     
   7.1713749999999872E-004   0.0000000000000000     
   7.1971249999999883E-004   0.0000000000000000     
   7.2228749999999871E-004   0.0000000000000000     
   7.2486249999999882E-004   0.0000000000000000     
   7.2743749999999870E-004   0.0000000000000000     
   7.3001249999999880E-004   0.0000000000000000     
   7.3258749999999869E-004   0.0000000000000000     
   7.3516249999999879E-004   0.0000000000000000     
   7.3773749999999868E-004   0.0000000000000000     
   7.4031249999999878E-004   0.0000000000000000     
   7.4288749999999867E-004   0.0000000000000000     
   7.4546249999999877E-004   0.0000000000000000     
   7.4803749999999866E-004   0.0000000000000000     
   7.5061249999999876E-004   0.0000000000000000     
   7.5318749999999865E-004   0.0000000000000000     
   7.5576249999999875E-004   0.0000000000000000     
   7.5833749999999864E-004   0.0000000000000000     
   7.6091249999999874E-004   0.0000000000000000     
   7.6348749999999863E-004   0.0000000000000000     
   7.6606249999999873E-004   0.0000000000000000     
   7.6863749999999862E-004   0.0000000000000000     
   7.7121249999999872E-004   0.0000000000000000     
   7.7378749999999861E-004   0.0000000000000000     
   7.7636249999999871E-004   0.0000000000000000     
   7.7893749999999860E-004   0.0000000000000000     
   7.8151249999999870E-004   0.0000000000000000     
   7.8408749999999859E-004   0.0000000000000000     
   7.8666249999999869E-004   0.0000000000000000     
   7.8923749999999858E-004   0.0000000000000000     
   7.9181249999999868E-004   0.0000000000000000     
   7.9438749999999857E-004   0.0000000000000000     
   7.9696249999999867E-004   0.0000000000000000     
   7.9953749999999856E-004   0.0000000000000000     
   8.0211249999999866E-004   0.0000000000000000     
   8.0468749999999855E-004   0.0000000000000000     
   8.0726249999999865E-004   0.0000000000000000     
   8.0983749999999854E-004   0.0000000000000000     
   8.1241249999999864E-004   0.0000000000000000     
   8.1498749999999853E-004   0.0000000000000000     
   8.1756249999999863E-004   0.0000000000000000     
   8.2013749999999852E-004   0.0000000000000000     
   8.2271249999999862E-004   0.0000000000000000     
   8.2528749999999850E-004   0.0000000000000000     
   8.2786249999999861E-004   0.0000000000000000     
   8.3043749999999849E-004   0.0000000000000000     
   8.3301249999999860E-004   0.0000000000000000     
   8.3558749999999848E-004   0.0000000000000000     
   8.3816249999999859E-004   0.0000000000000000     
   8.4073749999999847E-004   0.0000000000000000     
   8.4331249999999858E-004   0.0000000000000000     
   8.4588749999999846E-004   0.0000000000000000     
   8.4846249999999857E-004   0.0000000000000000     
   8.5103749999999845E-004   0.0000000000000000     
   8.5361249999999856E-004   0.0000000000000000     
   8.5618749999999844E-004   0.0000000000000000     
   8.5876249999999855E-004   0.0000000000000000     
   8.6133749999999843E-004   0.0000000000000000     
   8.6391249999999854E-004   0.0000000000000000     
   8.6648749999999842E-004   0.0000000000000000     
   8.6906249999999853E-004   0.0000000000000000     
   8.7163749999999841E-004   0.0000000000000000     
   8.7421249999999852E-004   0.0000000000000000     
   8.7678749999999840E-004   0.0000000000000000     
   8.7936249999999850E-004   0.0000000000000000     
   8.8193749999999839E-004   0.0000000000000000     
   8.8451249999999849E-004   0.0000000000000000     
   8.8708749999999838E-004   0.0000000000000000     
   8.8966249999999848E-004   0.0000000000000000     
   8.9223749999999837E-004   0.0000000000000000     
   8.9481249999999847E-004   0.0000000000000000     
   8.9738749999999836E-004   0.0000000000000000     
   8.9996249999999846E-004   0.0000000000000000     
   9.0253749999999835E-004   0.0000000000000000     
   9.0511249999999845E-004   0.0000000000000000     
   9.0768749999999834E-004   0.0000000000000000     
   9.1026249999999844E-004   0.0000000000000000     
   9.1283749999999833E-004   0.0000000000000000     
   9.1541249999999843E-004   0.0000000000000000     
   9.1798749999999832E-004   0.0000000000000000     
   9.2056249999999842E-004   0.0000000000000000     
   9.2313749999999831E-004   0.0000000000000000     
   9.2571249999999841E-004   0.0000000000000000     
   9.2828749999999830E-004   0.0000000000000000     
   9.3086249999999840E-004   0.0000000000000000     
   9.3343749999999829E-004   0.0000000000000000     
   9.3601249999999839E-004   0.0000000000000000     
   9.3858749999999828E-004   0.0000000000000000     
   9.4116249999999838E-004   0.0000000000000000     
   9.4373749999999827E-004   0.0000000000000000     
   9.4631249999999837E-004   0.0000000000000000     
   9.4888749999999826E-004   0.0000000000000000     
   9.5146249999999836E-004   0.0000000000000000     
   9.5403749999999825E-004   0.0000000000000000     
   9.5661249999999835E-004   0.0000000000000000     
   9.5918749999999824E-004   0.0000000000000000     
   9.6176249999999834E-004   0.0000000000000000     
   9.6433749999999823E-004   0.0000000000000000     
   9.6691249999999833E-004   0.0000000000000000     
   9.6948749999999822E-004   0.0000000000000000     
   9.7206249999999832E-004   0.0000000000000000     
   9.7463749999999820E-004   0.0000000000000000     
   9.7721249999999831E-004   0.0000000000000000     
   9.7978749999999819E-004   0.0000000000000000     
   9.8236249999999851E-004   0.0000000000000000     
   9.8493749999999840E-004   0.0000000000000000     
   9.8751249999999872E-004   0.0000000000000000     
   9.9008749999999861E-004   0.0000000000000000     
   9.9266249999999893E-004   0.0000000000000000     
   9.9523749999999881E-004   0.0000000000000000     
   9.9781249999999913E-004   0.0000000000000000     
   1.0003874999999990E-003   0.0000000000000000     
   1.0029624999999993E-003   0.0000000000000000     
   1.0055374999999992E-003   0.0000000000000000     
   1.0081124999999995E-003   0.0000000000000000     
   1.0106874999999994E-003   0.0000000000000000     
   1.0132624999999998E-003   0.0000000000000000     
   1.0158374999999996E-003   0.0000000000000000     
   1.0184125000000000E-003   0.0000000000000000     
   1.0209874999999998E-003   0.0000000000000000     
   1.0235625000000002E-003   0.0000000000000000     
   1.0261375000000001E-003   0.0000000000000000     
   1.0287125000000004E-003  -1.2951929327197174     
